%!PS-Adobe-3.0
%%Creator: Adobe Fireworks
%%DocumentNeededResources: procset Adobe_level2_AI5 1.0 0
%%+ procset Adobe_packedarray 2.0 0
%%+ procset Adobe_cmykcolor 1.1 0
%%+ procset Adobe_cshow 1.1 0
%%+ procset Adobe_customcolor 1.0 0
%%+ procset Adobe_typography_AI5 1.0 0
%%+ procset Adobe_Illustrator_AI5 1.0 0
%%BoundingBox:0 0 150 150
%AI3_TemplateBox: 0 0 150 150
%%PageOrigin:0 0
%AI5_FileFormat 3
%AI3_ColorUsage: Color
%%DocumentProcessColors: Cyan Magenta Yellow Black
%%EndComments
%%BeginProlog
%%EndProlog
%%BeginSetup
Adobe_packedarray /initialize get exec
Adobe_cmykcolor /initialize get exec
Adobe_cshow /initialize get exec
Adobe_customcolor /initialize get exec
Adobe_typography_AI5 /initialize get exec
Adobe_Illustrator_AI5 /initialize get exec
%%EndSetup
1 1 1 1 0 0 0 79 128 255 Lb
(ÉåÉCÉÑÅ[ 1) Ln
1.000 1.000 1.000 Xa
1 XR
0.00 75.00 m
0.00 116.42 33.58 150.00 75.00 150.00 c
116.42 150.00 150.00 116.42 150.00 75.00 c
150.00 33.58 116.42 0.00 75.00 0.00 c
33.58 0.00 0.00 33.58 0.00 75.00 c
f
*u
1.000 0.800 0.000 Xa
1 XR
25.00 28.00 m
125.00 28.00 l
125.00 103.50 l
100.00 78.50 l
75.00 103.50 l
50.00 78.50 l
25.00 103.50 l
25.00 28.00 l
f
18.00 114.00 m
18.00 109.86 21.36 106.50 25.50 106.50 c
29.64 106.50 33.00 109.86 33.00 114.00 c
33.00 118.14 29.64 121.50 25.50 121.50 c
21.36 121.50 18.00 118.14 18.00 114.00 c
f
67.50 114.00 m
67.50 109.86 70.86 106.50 75.00 106.50 c
79.14 106.50 82.50 109.86 82.50 114.00 c
82.50 118.14 79.14 121.50 75.00 121.50 c
70.86 121.50 67.50 118.14 67.50 114.00 c
f
117.00 114.00 m
117.00 109.86 120.36 106.50 124.50 106.50 c
128.64 106.50 132.00 109.86 132.00 114.00 c
132.00 118.14 128.64 121.50 124.50 121.50 c
120.36 121.50 117.00 118.14 117.00 114.00 c
f
*U
*u
0.824 0.659 0.000 Xa
1 XR
75.00 28.00 m
125.00 28.00 l
125.00 103.50 l
100.00 78.50 l
75.00 103.50 l
75.00 28.00 l
f
117.00 114.00 m
117.00 109.86 120.36 106.50 124.50 106.50 c
128.64 106.50 132.00 109.86 132.00 114.00 c
132.00 118.14 128.64 121.50 124.50 121.50 c
120.36 121.50 117.00 118.14 117.00 114.00 c
f
*U
*u
1.000 0.800 0.000 Xa
1 XR
75.00 28.00 m
75.00 103.50 l
50.00 78.50 l
25.00 103.50 l
25.00 28.00 l
75.00 28.00 l
f
33.00 114.00 m
33.00 118.14 29.64 121.50 25.50 121.50 c
21.36 121.50 18.00 118.14 18.00 114.00 c
18.00 109.86 21.36 106.50 25.50 106.50 c
29.64 106.50 33.00 109.86 33.00 114.00 c
f
66.00 118.00 m
66.00 113.03 70.03 109.00 75.00 109.00 c
79.97 109.00 84.00 113.03 84.00 118.00 c
84.00 122.97 79.97 127.00 75.00 127.00 c
70.03 127.00 66.00 122.97 66.00 118.00 c
f
*U
LB
%%PageTrailer
gsave annotatepage grestore showpage
%%Trailer
Adobe_Illustrator_AI5 /terminate get exec
Adobe_typography_AI5 /terminate get exec
Adobe_customcolor /terminate get exec
Adobe_cshow /terminate get exec
Adobe_cmykcolor /terminate get exec
Adobe_packedarray /terminate get exec
%%EOF
